923.945669
923.934586
923.923483
923.912360
923.901218
923.890056
923.878875
923.867675
923.856454
923.845215
923.833956
923.822677
923.811379
923.800061
923.788724
923.777367
923.765991
923.754596
923.743181
923.731746
923.720292
923.708818
923.697325
923.685812
923.674280
923.662729
923.651157
923.639567
923.627957
923.616327
923.604678
923.593009
923.581321
923.569614
923.557886
923.546140
923.534374
923.522588
923.510783
923.498958
923.487114
923.475251
923.463368
923.451465
923.439543
923.427601
923.415640
923.403660
923.391660
923.379640
923.367601
923.355543
923.343465
923.331367
923.319250
923.307114
923.294958
923.282782
923.270587
923.258373
923.246139
923.233885
923.221613
923.209320
923.197008
923.184677
923.172326
923.159956
923.147566
923.135156
923.122728
923.110279
923.097811
923.085324
923.072817
923.060291
923.047745
923.035180
923.022595
923.009991
922.997367
922.984724
922.972062
922.959380
922.946678
922.933957
922.921216
922.908456
922.895677
922.882877
922.870059
922.857221
922.844363
922.831487
922.818590
922.805674
922.792739
922.779784
922.766809
922.753816
922.740802
922.727769
922.714717
922.701645
922.688554
922.675443
922.662313
922.649163
922.635994
922.622806
922.609598
922.596370
922.583123
922.569856
922.556570
922.543265
922.529940
922.516595
922.503231
922.489848
922.476445
922.463023
922.449581
922.436120
922.422639
922.409139
922.395619
922.382080
922.368521
922.354943
922.341346
922.327728
922.314092
922.300436
922.286760
922.273065
922.259351
922.245617
922.231864
922.218091
922.204299
922.190487
922.176656
922.162805
922.148935
922.135045
922.121136
922.107208
922.093259
922.079292
922.065305
922.051299
922.037273
922.023227
922.009162
921.995078
921.980974
921.966851
921.952709
921.938546
921.924365
921.910164
921.895943
921.881703
921.867444
921.853165
921.838866
921.824549
921.810211
921.795855
921.781478
921.767083
921.752668
921.738233
921.723779
921.709305
921.694812
921.680300
921.665768
921.651217
921.636646
921.622056
921.607446
921.592817
921.578168
921.563500
921.548813
921.534106
921.519379
921.504633
921.489868
921.475083
921.460279
921.445455
921.430612
921.415749
921.400867
921.385966
921.371045
921.356104
921.341145
921.326165
921.311166
921.296148
921.281111
921.266053
921.250977
921.235881
921.220765
921.205631
921.190476
921.175302
921.160109
921.144896
921.129664
921.114413
921.099142
921.083851
921.068541
921.053212
921.037863
921.022495
921.007107
920.991700
920.976273
920.960827
920.945362
920.929877
920.914373
920.898849
920.883305
920.867743
920.852161
920.836559
920.820938
920.805298
920.789638
920.773958
920.758260
920.742541
920.726804
920.711047
920.695270
920.679474
920.663659
920.647824
920.631970
920.616096
920.600203
920.584290
920.568358
920.552407
920.536436
920.520446
920.504436
920.488407
920.472358
920.456290
920.440203
920.424096
920.407970
920.391824
920.375659
920.359474
920.343270
920.327047
920.310804
920.294541
920.278260
920.261958
920.245638
920.229298
920.212938
920.196559
920.180161
920.163743
920.147306
920.130849
920.114373
920.097878
920.081363
920.064829
920.048275
920.031702
920.015109
919.998497
919.981866
919.965215
919.948545
919.931855
919.915146
919.898418
919.881670
919.864902
919.848115
919.831309
919.814484
919.797639
919.780774
919.763890
919.746987
919.730064
919.713122
919.696161
919.679180
919.662179
919.645159
919.628120
919.611062
919.593983
919.576886
919.559769
919.542633
919.525477
919.508302
919.491108
919.473894
919.456660
919.439408
919.422135
919.404844
919.387533
919.370202
919.352853
919.335483
919.318095
919.300687
919.283259
919.265812
919.248346
919.230861
919.213355
919.195831
919.178287
919.160724
919.143141
919.125539
919.107918
919.090277
919.072616
919.054937
919.037238
919.019519
919.001781
918.984024
918.966247
918.948451
918.930635
918.912800
918.894946
918.877072
918.859179
918.841267
918.823335
918.805384
918.787413
918.769423
918.751413
918.733384
918.715336
918.697268
918.679181
918.661075
918.642949
918.624804
918.606639
918.588455
918.570251
918.552029
918.533786
918.515525
918.497244
918.478943
918.460623
918.442284
918.423926
918.405548
918.387150
918.368734
918.350297
918.331842
918.313367
918.294873
918.276359
918.257826
918.239273
918.220702
918.202110
918.183500
918.164870
918.146220
918.127552
918.108863
918.090156
918.071429
918.052683
918.033917
918.015132
917.996327
917.977504
917.958660
917.939798
917.920916
917.902014
917.883094
917.864154
917.845194
917.826215
917.807217
917.788199
917.769162
917.750106
917.731030
917.711935
917.692821
917.673687
917.654533
917.635361
917.616169
917.596957
917.577727
917.558477
917.539207
917.519918
917.500610
917.481282
917.461935
917.442569
917.423183
917.403778
917.384354
917.364910
917.345447
917.325964
917.306462
917.286941
917.267400
917.247840
917.228261
917.208662
917.189044
917.169407
917.149750
917.130074
917.110378
917.090663
917.070929
917.051175
917.031402
917.011610
916.991798
916.971967
916.952117
916.932247
916.912358
916.892449
916.872521
916.852574
916.832607
916.812621
916.792616
916.772591
916.752547
916.732484
916.712401
916.692299
916.672178
916.652037
916.631877
916.611697
916.591498
916.571280
916.551043
916.530786
916.510509
916.490214
916.469899
916.449565
916.429211
916.408838
916.388446
916.368034
916.347603
916.327152
916.306683
916.286194
916.265685
916.245157
916.224610
916.204044
916.183458
916.162853
916.142228
916.121584
916.100921
916.080239
916.059537
916.038816
916.018075
915.997315
915.976536
915.955738
915.934920
915.914082
915.893226
915.872350
915.851455
915.830540
915.809606
915.788653
915.767680
915.746688
915.725677
915.704647
915.683597
915.662527
915.641439
915.620331
915.599204
915.578057
915.556891
915.535706
915.514501
915.493277
915.472034
915.450772
915.429490
915.408188
915.386868
915.365528
915.344169
915.322790
915.301392
915.279975
915.258539
915.237083
915.215608
915.194113
915.172599
915.151066
915.129514
915.107942
915.086351
915.064741
915.043111
915.021462
914.999794
914.978106
914.956399
914.934673
914.912927
914.891162
914.869378
914.847574
914.825751
914.803909
914.782048
914.760167
914.738267
914.716347
914.694408
914.672450
914.650473
914.628476
914.606460
914.584425
914.562370
914.540296
914.518203
914.496090
914.473958
914.451807
914.429637
914.407447
914.385238
914.363009
914.340762
914.318495
914.296208
914.273903
914.251578
914.229233
914.206870
914.184487
914.162085
914.139663
914.117223
914.094763
914.072283
914.049785
914.027267
914.004729
913.982173
913.959597
913.937002
913.914388
913.891754
913.869101
913.846428
913.823737
913.801026
913.778296
913.755546
913.732777
913.709989
913.687182
913.664355
913.641509
913.618644
913.595760
913.572856
913.549933
913.526990
913.504028
913.481048
913.458047
913.435028
913.411989
913.388931
913.365853
913.342757
913.319641
913.296505
913.273351
913.250177
913.226984
913.203771
913.180540
913.157289
913.134019
913.110729
913.087420
913.064092
913.040745
913.017378
912.993992
912.970587
912.947163
912.923719
912.900256
912.876774
912.853272
912.829751
912.806211
912.782652
912.759073
912.735475
912.711858
912.688221
912.664566
912.640891
912.617196
912.593483
912.569750
912.545998
912.522227
912.498436
912.474626
912.450797
912.426949
912.403081
912.379194
912.355288
912.331362
912.307417
912.283453
912.259470
912.235468
912.211446
912.187405
912.163344
912.139265
912.115166
912.091048
912.066911
912.042754
912.018578
911.994383
911.970169
911.945935
911.921682
911.897410
911.873119
911.848808
911.824478
911.800129
911.775761
911.751373
911.726966
911.702540
911.678094
911.653630
911.629146
911.604643
911.580120
911.555579
911.531018
911.506438
911.481838
911.457220
911.432582
911.407925
911.383248
911.358553
911.333838
911.309104
911.284350
911.259578
911.234786
911.209975
911.185144
911.160295
911.135426
911.110538
911.085631
911.060704
911.035759
911.010794
910.985809
910.960806
910.935783
910.910741
910.885680
910.860600
910.835500
910.810381
910.785243
910.760086
910.734909
910.709714
910.684499
910.659264
910.634011
910.608738
910.583446
910.558135
910.532805
910.507455
910.482087
910.456698
910.431291
910.405865
910.380419
910.354954
910.329470
910.303967
910.278444
910.252902
910.227341
910.201761
910.176161
910.150543
910.124905
910.099248
910.073571
910.047876
910.022161
909.996427
909.970674
909.944901
909.919110
909.893299
909.867469
909.841620
909.815751
909.789863
909.763956
909.738030
909.712085
909.686120
909.660137
909.634134
909.608112
909.582070
909.556010
909.529930
909.503831
909.477713
909.451575
909.425419
909.399243
909.373048
909.346834
909.320600
909.294348
909.268076
909.241785
909.215475
909.189145
909.162797
909.136429
909.110042
909.083636
909.057210
909.030766
909.004302
908.977819
908.951317
908.924796
908.898255
908.871695
908.845116
908.818518
908.791901
908.765264
908.738609
908.711934
908.685240
908.658526
908.631794
908.605042
908.578272
908.551482
908.524672
908.497844
908.470996
908.444130
908.417244
908.390339
908.363414
908.336471
908.309508
908.282527
908.255526
908.228505
908.201466
908.174407
908.147330
908.120233
908.093117
908.065982
908.038827
908.011654
907.984461
907.957249
907.930018
907.902768
907.875498
907.848209
907.820902
907.793575
907.766229
907.738863
907.711479
907.684075
907.656652
907.629210
907.601749
907.574269
907.546770
907.519251
907.491713
907.464156
907.436580
907.408985
907.381370
907.353737
907.326084
907.298412
907.270721
907.243011
907.215281
907.187533
907.159765
907.131978
907.104172
907.076347
907.048503
907.020639
906.992757
906.964855
906.936934
906.908994
906.881035
906.853056
906.825059
906.797042
906.769006
906.740951
906.712877
906.684784
906.656672
906.628540
906.600389
906.572219
906.544030
906.515822
906.487595
906.459349
906.431083
906.402798
906.374494
906.346172
906.317829
906.289468
906.261088
906.232688
906.204270
906.175832
906.147375
906.118899
906.090404
906.061889
906.033356
906.004803
905.976231
905.947640
905.919030
905.890401
905.861753
905.833086
905.804399
905.775694
905.746969
905.718225
905.689462
905.660680
905.631878
905.603058
905.574218
905.545360
905.516482
905.487585
905.458669
905.429734
905.400780
905.371806
905.342814
905.313802
905.284772
905.255722
905.226653
905.197565
905.168458
905.139331
905.110186
905.081021
905.051838
905.022635
904.993413
904.964172
904.934912
904.905633
904.876334
904.847017
904.817681
904.788325
904.758950
904.729556
904.700143
904.670711
904.641260
904.611790
904.582301
904.552792
904.523265
904.493718
904.464152
904.434567
904.404963
904.375340
904.345698
904.316037
904.286356
904.256657
904.226938
904.197201
904.167444
904.137668
904.107873
904.078059
904.048226
904.018374
903.988503
903.958612
903.928703
903.898774
903.868827
903.838860
903.808874
903.778869
903.748845
903.718802
903.688740
903.658659
903.628558
903.598439
903.568301
903.538143
903.507966
903.477771
903.447556
903.417322
903.387069
903.356797
903.326506
903.296196
903.265866
903.235518
903.205151
903.174764
903.144358
903.113934
903.083490
903.053027
903.022545
902.992045
902.961525
902.930986
902.900427
902.869850
902.839254
902.808639
902.778004
902.747351
902.716678
902.685987
902.655276
902.624546
902.593798
902.563030
902.532243
902.501437
902.470612
902.439768
902.408905
902.378022
902.347121
902.316201
902.285262
902.254303
902.223326
902.192329
902.161314
902.130279
902.099225
902.068153
902.037061
902.005950
901.974820
901.943671
901.912503
901.881316
901.850110
901.818885
901.787641
901.756378
901.725095
901.693794
901.662474
901.631135
901.599776
901.568399
901.537002
901.505587
901.474152
901.442699
901.411226
901.379734
901.348224
901.316694
901.285145
901.253577
901.221990
901.190384
901.158760
901.127116
901.095453
901.063771
901.032070
901.000350
900.968611
900.936852
900.905075
900.873279
900.841464
900.809630
900.777776
900.745904
900.714013
900.682103
900.650173
900.618225
900.586258
900.554271
900.522266
900.490241
900.458198
900.426136
900.394054
900.361954
900.329834
900.297696
900.265538
900.233361
900.201166
900.168951
900.136718
900.104465
900.072194
900.039903
900.007593
899.975265
899.942917
899.910551
899.878165
899.845760
899.813337
899.780894
899.748432
899.715952
899.683452
899.650933
899.618396
899.585839
899.553263
899.520669
899.488055
899.455423
899.422771
899.390100
899.357411
899.324702
899.291974
899.259228
899.226462
899.193678
899.160874
899.128052
899.095210
899.062349
899.029470
898.996571
898.963654
898.930717
898.897762
898.864787
898.831794
898.798782
898.765750
898.732700
898.699630
898.666542
898.633435
898.600309
898.567163
898.533999
898.500816
898.467614
898.434392
898.401152
898.367893
898.334615
898.301318
898.268002
898.234667
898.201313
898.167940
898.134548
898.101137
898.067707
898.034258
898.000791
897.967304
897.933798
897.900273
897.866730
897.833167
897.799585
897.765985
897.732365
897.698727
897.665070
897.631393
897.597698
897.563984
897.530250
897.496498
897.462727
897.428937
897.395128
897.361300
897.327453
897.293587
897.259702
897.225798
897.191875
897.157934
897.123973
897.089993
897.055995
897.021977
896.987941
896.953885
896.919811
896.885718
896.851606
896.817474
896.783324
896.749155
896.714967
896.680760
896.646534
896.612290
896.578026
896.543743
896.509442
896.475121
896.440782
896.406423
896.372046
896.337649
896.303234
896.268800
896.234347
896.199875
896.165384
896.130874
896.096346
896.061798
896.027231
895.992646
895.958041
895.923418
895.888775
895.854114
895.819434
895.784735
895.750017
895.715280
895.680524
895.645749
895.610956
895.576143
895.541312
895.506461
895.471592
895.436704
895.401796
895.366870
895.331925
895.296962
895.261979
895.226977
895.191956
895.156917
895.121858
895.086781
895.051685
895.016570
894.981436
894.946283
894.911111
894.875920
894.840710
894.805482
894.770234
894.734968
894.699683
894.664379
894.629056
894.593714
894.558353
894.522973
894.487575
894.452157
894.416721
894.381265
894.345791
894.310298
894.274786
894.239255
894.203706
894.168137
894.132549
894.096943
894.061318
894.025674
893.990011
893.954329
893.918628
893.882908
893.847170
893.811412
893.775636
893.739841
893.704026
893.668194
893.632342
893.596471
893.560581
893.524673
893.488746
893.452799
893.416834
893.380850
893.344848
893.308826
893.272785
893.236726
893.200648
893.164551
893.128435
893.092300
893.056146
893.019973
892.983782
892.947572
892.911342
892.875094
892.838827
892.802542
892.766237
892.729914
892.693571
892.657210
892.620830
892.584431
892.548013
892.511577
892.475121
892.438647
892.402154
892.365642
892.329111
892.292561
892.255993
892.219405
892.182799
892.146174
892.109530
892.072867
892.036186
891.999485
891.962766
891.926028
891.889271
891.852495
891.815701
891.778887
891.742055
891.705204
891.668334
891.631445
891.594537
891.557611
891.520665
891.483701
891.446718
891.409716
891.372696
891.335656
891.298598
891.261521
891.224425
891.187310
891.150177
891.113024
891.075853
891.038663
891.001454
890.964226
890.926980
890.889715
890.852430
890.815127
890.777806
890.740465
890.703106
890.665727
890.628330
890.590915
890.553480
890.516026
890.478554
890.441063
890.403553
890.366024
890.328477
890.290911
890.253326
890.215722
890.178099
890.140457
890.102797
890.065118
